244.28572954450334;52.42857142857143;-9.285713740757533
244.85715811593192;11.285714285714292;-9.8571412222726
245.42858668736048;-29.85714285714286;-10.428568703787668
246.00001525878906;-71.0;-10.999996185302734
220.1428713117327;70.28571428571429;-8.285714285714286
330.9489999109385;45.979592070287595;-13.163263904805088
331.683692854278;-13.469387287996247;-13.897956381038743
332.41838579761736;-72.91836664628009;-14.6326488572724
294.73471256178254;72.76530635600187;-11.663264722240214
295.34695559131853;15.58163335371991;-12.275508452434929
295.95919862085464;-41.60203964856207;-12.887752182629646
197.71429443359375;-65.85714176722935;-8.99999727521624
172.42858341761996;64.85714285714286;-6.857142857142858
259.1326682421626;42.3673476394342;-10.775509269870058
259.6224613578952;-12.551019006845891;-11.265304254025828
260.1122544736278;-67.46938565312598;-11.7550992381816
223.04083080681005;66.8877555691466;-9.397958833344129
223.40817400873925;14.23469527886839;-9.765305071460958
223.77551721066845;-38.41836501140984;-10.132651309577787
149.42857360839844;-60.71428353445871;-6.999998365129743
124.71429552350725;59.42857142857143;-5.428571428571429
187.31633657338668;38.75510320858079;-8.387754634935028
187.56122986151246;-11.632650725695552;-8.632652127012914
187.80612314963827;-62.02040465997189;-8.8775496190908
151.34694905183756;61.01020478229134;-7.1326529444480435
151.4693924261599;12.887757204016864;-7.2551016904869865
151.5918358004823;-35.23469037425762;-7.3775504365259295
101.14285278320312;-55.57142530168806;-4.999999455043248
77.00000762939453;54.0;-4.0
77.00000326974052;23.428572518484934;-4.0
76.99999891008649;-7.142854963030132;-4.0
76.99999455043248;-37.71428244454519;-4.0
246.0;106.50000762939453;-8.900001525878906
191.99999237060547;100.00000254313152;-7.599993387858073
137.99998474121094;93.49999745686848;-6.299985249837239
83.9999771118164;86.99999237060547;-4.999977111816406
247.00009155273438;-104.00004577636719;-9.20001220703125
192.66669464111328;-97.66665903727214;-8.133321126302084
138.3332977294922;-91.33327229817708;-7.066630045572917
83.9999008178711;-84.99988555908203;-5.99993896484375
130.00001525878906;-150.00003051757812;2.9999923706054688
90.0;-139.99998474121094;-2.288818359375e-05
