244.00008937290735;51.571434020996094;-10.999989100864955
244.00005449567522;10.714286804199219;-10.999974931989398
244.00001961844308;-30.142860412597656;-10.999960763113839
243.99998474121094;-71.00000762939453;-10.999946594238281
220.14294760567802;69.42858123779297;-10.142821175711495
220.14291397406132;30.04082489013672;-10.183631585568797
220.14288034244458;-9.346931457519531;-10.2244419954261
220.14284671082788;-48.73468780517578;-10.265252405283402
196.28577220683195;47.897972106933594;-9.326463660415339
196.28573982083066;9.979606628417969;-9.4080986490055
196.2857074348294;-27.938758850097656;-9.489733637595663
196.28567504882812;-65.85712432861328;-9.571368626185826
172.42862919398715;64.28572845458984;-8.428471156529017
172.42859805360132;27.836753845214844;-8.55093072385204
172.4285669132155;-8.612220764160156;-8.673390291175064
172.42853577282966;-45.061195373535156;-8.795849858498087
148.57145504075652;44.224510192871094;-7.652938219965721
148.57142514598613;9.244926452636719;-7.816222366021604
148.57139525121573;-25.734657287597656;-7.979506512077487
148.5713653564453;-60.71424102783203;-8.142790658133372
124.71431078229632;59.14287567138672;-6.71412113734654
124.71428213314135;25.63268280029297;-6.918229862135284
124.71425348398637;-7.877510070800781;-7.122338586924027
124.7142248348314;-41.38770294189453;-7.326447311712771
100.85713787468113;40.551048278808594;-5.979412779516103
100.8571104711416;8.510246276855469;-6.224346083037707
100.85708306760205;-23.530555725097656;-6.469279386559311
100.8570556640625;-55.57135772705078;-6.714212690080915
76.99999237060547;54.000022888183594;-4.9997711181640625
76.99996621268136;23.428611755371094;-5.285529000418527
76.99994005475726;-7.142799377441406;-5.571286882672991
76.99991389683315;-37.714210510253906;-5.857044764927456
246.0001678466797;106.50008392333984;-9.500038146972656
192.33336893717447;99.99999237060547;-8.333282470703125
138.66657002766928;93.4999008178711;-7.166526794433594
84.99977111816406;86.99980926513672;-5.9997711181640625
247.0001983642578;-104.00006866455078;-11.250076293945312
192.66677602132162;-97.66670481363933;-9.500015258789062
138.3333536783854;-91.33334096272786;-7.7499542236328125
83.99993133544922;-84.9999771118164;-5.9998931884765625
130.00001525878906;-150.00003051757812;2.9999923706054688
90.0;-139.99998474121094;-2.288818359375e-05
