0.0;0.0;0.0
0.0;0.0;0.0
0.0;0.0;0.0
244.00010681152344;-72.00004577636719;-11.000015258789062
221.8571265084403;68.14286422729492;-10.142858232770648
0.0;0.0;0.0
0.0;0.0;0.0
0.0;0.0;0.0
0.0;0.0;0.0
0.0;0.0;0.0
0.0;0.0;0.0
0.0;0.0;0.0
173.57137952532088;63.42856216430664;-8.42850603376116
0.0;0.0;0.0
0.0;0.0;0.0
0.0;0.0;0.0
0.0;0.0;0.0
0.0;0.0;0.0
0.0;0.0;0.0
0.0;0.0;0.0
125.28563254220145;58.71426010131836;-6.7141538347516745
0.0;0.0;0.0
0.0;0.0;0.0
0.0;0.0;0.0
0.0;0.0;0.0
0.0;0.0;0.0
0.0;0.0;0.0
0.0;0.0;0.0
76.99988555908203;53.99995803833008;-4.9998016357421875
0.0;0.0;0.0
0.0;0.0;0.0
0.0;0.0;0.0
246.00006103515625;106.50003051757812;-10.500038146972656
192.00001017252603;42.666699727376304;-8.999989827473959
137.99995930989584;-21.16663106282552;-7.499941507975261
83.99990844726562;-84.99996185302734;-5.9998931884765625
0.0;0.0;0.0
0.0;0.0;0.0
0.0;0.0;0.0
0.0;0.0;0.0
130.00001525878906;-150.00003051757812;2.9999923706054688
90.0;-139.99998474121094;-2.288818359375e-05
