246.00005449567522;52.42857142857143;-9.285667964390345
246.00004141671317;11.285714285714292;-9.857110704694476
246.0000283377511;-29.85714285714286;-10.428553444998606
246.00001525878906;-71.0;-10.999996185302734
222.00005340576172;70.28571319580078;-8.428512573242188
221.95922586869222;30.653060290278226;-8.918323127590881
221.91839833162268;-8.97959261524433;-9.408133681939573
221.87757079455318;-48.61224552076688;-9.897944236288264
197.9592247787787;48.51020205750757;-8.061167736442721
197.87758278360172;10.387753389319599;-8.469346104835978
197.79594078842473;-27.734695278868386;-8.877524473229233
197.71429879324776;-65.85714394705636;-9.28570284162249
174.00003814697266;64.85713958740234;-7.28564453125
173.87758169368823;28.24489515654895;-7.612190713687819
173.75512524040377;-8.367349274304445;-7.938736896125638
173.63266878711934;-44.97959370515784;-8.265283078563456
149.91839506188217;44.59183268644372;-6.836667508495097
149.7551241504903;9.489792492924911;-7.081581504977479
149.59185323909838;-25.61224770059391;-7.326495501459862
149.42858232770647;-60.71428789411272;-7.571409497942243
126.0000228881836;59.428565979003906;-6.1427764892578125
125.79593751868421;25.836730022819673;-6.306058299784757
125.59185214918486;-7.755105933364558;-6.469340110311703
125.3877667796855;-41.34694188954878;-6.632621920838648
101.87756534498567;40.67346331537986;-5.612167280547473
101.63266551737885;8.591831596530216;-5.6938169051189815
101.38776568977202;-23.48980012231944;-5.77546652969049
101.1428658621652;-55.57143184116909;-5.857116154261998
78.00000762939453;53.99999237060547;-4.999908447265625
77.71429334368024;23.428564889090403;-4.999925885881696
77.42857905796596;-7.142862592424663;-4.999943324497768
77.14286477225167;-37.71429007393972;-4.999960763113839
246.0;106.50000762939453;-8.900001525878906
191.99999237060547;100.00000254313152;-7.599993387858073
137.99998474121094;93.49999745686848;-6.299985249837239
83.9999771118164;86.99999237060547;-4.999977111816406
246.0;-104.00001525878906;-9.20001220703125
192.0;-97.66667938232422;-7.800008138020833
138.0;-91.33334350585938;-6.400004069010417
84.0;-85.00000762939453;-5.0
130.00001525878906;-150.00003051757812;2.9999923706054688
90.0;-139.99998474121094;-2.288818359375e-05
