244.28573608398438;52.42856979370117;-9.285728454589844
244.85716247558594;11.285715103149414;-9.857139587402344
245.42860412597656;-29.857145309448242;-10.428569793701172
246.00001525878906;-71.0;-10.999996185302734
220.1428985595703;70.28571319580078;-8.28570556640625
220.63265991210938;30.65305519104004;-8.775520324707031
221.12246704101562;-8.979591369628906;-9.265304565429688
221.61227416992188;-48.61224365234375;-9.755104064941406
196.48980712890625;48.51020431518555;-7.775505065917969
191.89804077148438;10.387758255004883;-8.183609008789062
191.30618286132812;-27.73470115661621;-8.591850280761719
194.7143096923828;-65.85712432861328;-10.000045776367188
170.42860412597656;64.8571548461914;-6.857139587402344
167.75509643554688;28.244897842407227;-7.1837310791015625
166.0815887451172;-8.36734390258789;-7.51019287109375
168.408203125;-44.97959518432617;-7.836753845214844
144.69381713867188;44.59182357788086;-6.2652587890625
142.9387664794922;9.489790916442871;-6.5101776123046875
143.1836395263672;-26.61223030090332;-6.75506591796875
146.42855834960938;-63.71426010131836;-6.999946594238281
123.7142333984375;62.42856979370117;-2.42852783203125
117.87761688232422;25.836746215820312;-5.591743469238281
117.04078674316406;-7.755096912384033;-5.754997253417969
120.20408630371094;-41.34693145751953;-5.918373107910156
95.89800262451172;40.673484802246094;-5.754951477050781
91.97947692871094;8.591829299926758;-4.836639404296875
94.06129455566406;-23.489810943603516;-5.9182891845703125
100.14286041259766;-57.57143020629883;-4.999977111816406
76.9999771118164;53.99998474121094;-5.0000152587890625
71.00006866455078;20.42858123779297;-3.9999847412109375
68.00006866455078;-6.142861843109131;-3.99993896484375
74.0;-36.714290618896484;-3.9999847412109375
246.0;106.50000762939453;-8.900001525878906
174.6659393310547;100.66645812988281;-7.933158874511719
139.33323669433594;92.83326721191406;0.03340911865234375
85.99988555908203;85.9999008178711;-5.999885559082031
246.0;-104.00001525878906;-9.20001220703125
222.9996795654297;-102.66659545898438;-9.800003051757812
197.99961853027344;-100.3333969116211;-9.400215148925781
83.99998474121094;-85.0;-5.999961853027344
130.00003051757812;-150.0000457763672;3.0
89.99998474121094;-139.99996948242188;-3.814697265625e-05
