244.2857426234654;52.42857142857143;-9.285677773611885
244.85716683523995;11.285714285714292;-9.857117244175502
245.42859104701452;-29.85714285714286;-10.428556714739118
246.00001525878906;-71.0;-10.999996185302734
220.14288439069475;70.28571428571429;-8.285678318568639
220.63267594940808;30.65306138019173;-8.775483579051738
221.12246750812142;-8.97959152533083;-9.265288839534838
221.61225906683472;-48.612244430853394;-9.755094100017937
196.48981771663745;48.51020423733458;-7.775484124008489
196.89797662228955;10.387755569146607;-8.183655174411072
197.30613552794165;-27.73469309904138;-8.591826224813655
197.71429443359375;-65.85714176722935;-8.99999727521624
172.42859213692802;64.85714285714286;-6.857118879045759
172.75511838951888;28.244898426289467;-7.183655719367826
173.08164464210978;-8.367346004563927;-7.510192559689893
173.40817089470065;-44.97959043541732;-7.836729400011958
148.69389280980948;44.59183704609774;-6.265290474405094
148.93878640933914;9.489796852578927;-6.510193104646644
149.1836800088688;-25.612243340939894;-6.755095734888194
149.42857360839844;-60.71428353445871;-6.999998365129743
124.71429988316127;59.42857142857143;-5.428559439522879
124.8775608296297;25.836735472387197;-5.591827859683913
125.04082177609813;-7.755100483797033;-5.755096279844945
125.20408272256657;-41.34693643998126;-5.918364700005979
100.89796790298152;40.6734698548609;-4.755096824801698
100.97959619638873;8.591838136011244;-4.836731034882215
101.06122448979593;-23.489793582838413;-4.9183652449627315
101.14285278320312;-55.57142530168806;-4.999999455043248
77.00000762939453;54.0;-4.0
77.00000326974052;23.428572518484934;-4.0
76.99999891008649;-7.142854963030132;-4.0
76.99999455043248;-37.71428244454519;-4.0
246.00006103515625;106.50003051757812;-8.9000244140625
192.00003306070963;100.00001780192058;-7.600008646647136
138.00000508626303;93.50000508626302;-6.2999928792317705
83.9999771118164;86.99999237060547;-4.999977111816406
247.00009155273438;-104.00004577636719;-9.20001220703125
192.6667277018229;-97.6666997273763;-7.800008138020833
138.33336385091147;-91.33335367838542;-6.400004069010417
84.0;-85.00000762939453;-5.0
130.00001525878906;-150.00003051757812;2.9999923706054688
90.0;-139.99998474121094;-2.288818359375e-05
