244.28572954450334;52.42857142857143;-9.285713740757533
244.85715811593192;11.285714285714292;-9.8571412222726
245.42858668736048;-29.85714285714286;-10.428568703787668
246.00001525878906;-71.0;-10.999996185302734
220.1428713117327;70.28571428571429;-8.428571428571429
220.63266598448462;30.653061691595592;-8.9183664127272
221.12246065723653;-8.979590902523105;-9.408161396882972
221.61225532998844;-48.6122434966418;-9.897956381038744
196.48980775171395;48.51020454873844;-8.061224100541097
196.89796852578922;10.387756503358187;-8.469386587337572
197.3061292998645;-27.734691542022084;-8.877549074134048
197.71429007393974;-65.85713958740234;-9.285711560930524
172.42858341761996;64.85714285714286;-7.285714285714286
172.75511029301856;28.244899360501044;-7.6122442751514665
173.08163716841716;-8.367344136140776;-7.938774264588648
173.40816404381576;-44.9795876327826;-8.26530425402583
148.6938859589246;44.591837668905455;-6.8367344603246565
148.93877893564655;9.489798721002078;-7.081631952402543
149.18367191236848;-25.612240226901307;-7.32652944448043
149.4285648890904;-60.71427917480469;-7.571426936558315
124.71429552350725;59.42857142857143;-6.142857142857142
124.87755460155253;25.836737029406493;-6.306122137575734
125.0408136795978;-7.755097369758445;-6.469387132294324
125.20407275764309;-41.34693176892338;-6.632652127012914
100.89796416613521;40.67347078907247;-5.612244820108219
100.97958934550384;8.591840938645968;-5.693877317467514
101.06121452487247;-23.489788911780543;-5.77550981482681
101.14283970424108;-55.57141876220703;-5.857142312186105
77.00000762939453;54.0;-5.0
76.99999891008649;23.428574698311945;-5.0
76.99999019077846;-7.142850603376111;-5.0
76.99998147147042;-37.71427590506417;-5.0
246.0;106.50000762939453;-9.900012969970703
191.99999491373697;100.00000508626302;-8.600001017252604
137.99998982747397;93.50000254313152;-7.299989064534505
83.99998474121094;87.0;-5.999977111816406
246.0;-104.00001525878906;-10.200016021728516
192.0;-97.66667938232422;-8.800008138020834
138.0;-91.33334350585938;-7.400000254313151
84.0;-85.00000762939453;-5.999992370605469
130.00001525878906;-150.00003051757812;2.9999923706054688
90.0;-139.99998474121094;-2.288818359375e-05
